7985279902 7250347627
6553924745 8964273563
5577481004 759672307
6909901289 7368389828
4209055905 4588887592
1898567641 4680779213
8984992559 3295273516
5651675273 1126194609
6969061511 1083089327
4459070109 9674789122
2126277713 1393518932
3863196805 9800083263
5230352489 6907427534
6727121076 1462535017
5840468825 2507287067
3016149809 7167812928
4998437797 1521988739
975857779 9310240497
4580777370 3429376579
6048874943 5681177946
5992472164 607178615
6991651749 9086793887
6373251701 3811285258
2650689868 2004611317
6778583082 5870925245
5186858393 6689328695
7111557928 1513671717
2720350609 4062898337
5297781087 8858084044
2015146649 6682488728
958830703 1237269086
8960075507 6320623651
4703868863 4843975582
5641965882 2834142361
5144804385 2497450262
3099820709 5746990722
5270684749 4498067876
3810702555 8876875262
8656864582 5619954565
7451915126 42145127
7384984621 9460281543
9497939423 928421749
8578741015 4457495239
3782564651 3218632130
2077921081 2572098439
372925007 912688632
970733635 4604806426
4889655062 7205674949
2946534259 6987092917
6689989849 1751164909
8283835189 8317335821
7300493287 4066766615
953629298 2534019171
3547300001 9942833765
1946308440 7754468843
1359120787 5801478055
4687623274 877550273
5773681573 9598649571
9903646023 8526303026
8342843669 3485103299
2789095883 5812746241
8093185906 2736944527
2671458495 7982808746
2188097629 1130796786
8802222001 3328226314
1365010937 9154097225
9927836082 7030898905
1540060073 3629065550
2691836506 1163374677
531511298 8750105621
6195859301 3666513212
5985415775 8867691361
1291144631 1760670720
8795613584 9943558257
8269724743 8939522014
2015138591 592906374
8595339439 6898481428
1788380476 3831705595
800834869 5315729058
8035334215 6631227759
1274312109 2031744968
8364431023 703016092
8616640720 8503688729
5871560025 5415379027
4672446162 2800713119
1274598514 1524444679
6395245894 981084293
9410953672 2341618013
993918806 9523688743
2687890501 5307285617
2253231867 2690291299
6941451724 8505902413
7199695659 9026184142
5659974250 5972306409
5350636428 6593516081
4362423523 4349885966
8629345419 1061173486
1556735894 8995320151
1113665755 6684149184
1189923424 117212869
1331139295 5903448903
1467854843 3991093884
5247207659 3420145965
2587404055 2122122171
9974246646 3877205303
9986830765 3923358972
1868767286 82366779
4134824297 9233825346
7073549321 8954648075
6520678327 430088596
8653006504 866326973
9693591411 5672209474
7387061667 61802201
1681271161 6206541395
1918110218 4961698991
510457373 1300628512
3188993387 7641587314
9917323491 645694723
863539919 9393476821
3407184211 8676186267
6702147344 7890696331
1847580701 3516029
7998812305 9647925421
9602273681 2341066348
6113278721 5549371559
4129878366 2425303831
5839033789 8538601192
5314517261 139943360
8538295987 1262666780
3510917505 2778433522
6462997036 4113099699
304078152 1703778383
615198899 1379478750
1563358257 9621285710
8780052847 8952555835
5778515324 9233381875
3839616611 5905242313
2238557644 9718891975
7465020828 6996825167
2186140655 1318543007
3027469619 3451926887
6125055654 2834525837
9824109499 4822985782
2320441075 7022137976
1204885978 8009348391
9720180427 7524850368
298251129 5135711390
848344572 4085082607
1342770664 422920361
9638843600 1806700911
8734903853 3721448525
2267676058 2146524109
2484069235 6033965579
7023303028 9306149641
486287585 6986915989
5141529376 4291143677
7209042511 7872182902
7741245212 2346491967
9971027856 7177317055
6265378253 6658353245
6756275884 818510619
3646359931 5079552436
898539002 7185689183
95426125 37577522
8238301045 310173061
8341090439 1548068482
202581154 6234391023
7304829562 4003892383
3000426427 2889478697
8510452829 8263678570
6407840339 2161928375
410264503 8564066250
9234322568 3643849843
6722823037 1260821678
5397297149 8332503615
9530312415 2787653929
1273468791 526400984
4341493174 5977926423
7545687749 3613363664
8429147497 642670615
1752579072 2585380853
7073718419 3502793112
360045333 6515413814
583880051 4276083206
9833781094 1943021899
3775412573 7706595869
6008722257 6603540677
5052117888 1592738657
4597508155 3108446342
9534084403 1225941050
6618234256 9247047705
2881823059 8626234087
4048987797 3177311797
2800610910 8226551321
4527289658 2667778977
432225393 1952267084
133668278 7192288751
3887271642 8830639081
6222865820 255246889
9212615632 6278323185
4152092737 1354322400
7363809902 8030098825
2094484979 7305411183
1181958443 9791592358
6949156154 105705497
7692653253 7122449750
7861529089 6633497506
7329403418 8646732229
995170851 2725012481
7120225663 3106023181
6025659099 5547780805
7909515291 6821670560
6992693 7881481345
1141864517 2281703014
5622840943 9108965402
6355659604 7001658229
7028246383 3770006705
2901894504 2040220823
8272249537 4393141208
9876988051 8455465428
8743070613 6415656073
6459681690 1340530907
7034406809 1702744274
9473885906 8132436673
6477714109 8052607027
7947601513 1742075170
3211730597 6133817013
2399986952 395515809
273560797 5086414731
9891898547 6418977456
9978835357 1722282154
6100461241 2148605761
317541332 8204282017
9163836011 3743943055
7044273167 5370740264
7403620313 910125013
2166410314 6207744515
9104736952 3120516491
1940106196 7524115267
3171038113 5389449759
3551543701 8490173190
4161414487 4344284427
8355740973 5152201499
2732633929 9290036336
3381642791 9853068198
7714068676 3126274443
4689898746 4991856215
880750054 1789718291
7201858839 3820237574
2881663123 3704385904
2077635379 7204392341
9935141454 6791111941
3840142244 6742694675
6544133129 3017170381
3406659068 4165871193
7873968436 6899473089
6626937251 3991450350
6336793511 5757218849
5816030222 2851760031
3980953337 9198911356
7705405323 6034475938
2465318450 5396698173
2962449251 1127403365
5762175064 8091706637
8005217407 7665164613
374315207 4886346628
7582255019 2631136141
8439476513 1165631592
8332212775 1780162009
6764933865 3039592661
4163837363 537131542
1960424216 8067522621
2671457798 9658313615
6452686289 6467504513
933125291 1873311968
7512515315 1522300061
8765569579 7356745984
378883088 1859272971
5449130205 1037104106
1617997996 8250157193
717916788 8366241389
3302205015 4941685441
9197532408 8861658973
6631986349 8168960609
3891944427 4259326913
7976690341 4625579677
9924142587 5526195646
9789174219 7235954711
1889836361 7327305558
4338798041 1984749450
9227581415 3791282156
7966655814 1290850615
984770419 1738950208
7448597371 9358239817
7278518857 8874422296
2471633911 4196226755
6980981063 9105083712
6515444387 2394320375
1363852804 9453237479
1273450511 7769988926
4602780509 3303169788
7008063801 5186040014
7121194843 7948517156
1351390799 8350065140
6203703134 4983187095
254469395 4883977206
5716174061 7004643868
3979991815 6166607119
454558609 6645096045
1317994914 72477407
8312105512 1182552599
8697570229 9701281534
524740126 9148099641
9769701520 4010678109
2267505983 7096205435
9612905070 1683131807
1793515817 6789926888
4979022557 5284220133
8881932179 6233014087
4481253067 1322895235
7290872080 7157622553
2891467191 283028948
5894166487 8961910253
8548987718 3407661485
4824451241 4611739634
8113896706 7346697661
4841158601 2233728818
767570553 3482571050
6649307751 5191197857
734167810 2543451671
4538121151 6482972954
1929229721 399449108
2888803438 3585634635
1320315099 7210943852
3396919882 5941365479
6268969537 9524176358
2662458629 6098075245
7754812391 7901954813
7986382720 8378806509
6021347609 5270100763
4607244069 7577813375
9311603573 1883896577
1981527881 2409086434
5719442137 6890069224
7620762766 5853375421
9227928283 3883793814
9940954975 2682667602
1067478920 8643916951
9571396839 7617309443
614031627 8423393777
6635763530 671328519
3410823064 7043397407
46198762 1909363071
9429596239 4162388365
1507004251 10848528
312350555 8394319117
173090683 1851119611
2463002581 4184581715
4384461739 132504691
2260413313 2353503700
4922870364 722463043
6842497004 1284293005
785910833 9440433609
3086525522 8951636043
6640995886 7540902755
4156814723 8696943405
2948339616 5660515483
82773961 6509123271
7545011425 4053115436
9634261271 984500075
6679961442 5931421367
9325295701 5395713126
7703988339 9179207693
4790436501 7815621155
1969836697 3069870200
5714584033 5682073581
2478255154 3213813031
8208419799 9358453400
743847383 3787465690
7808205667 5219378217
6825763615 2891567829
7254246303 9686383622
214363801 8925076783
2829859168 1623966589
744253454 2199291863
3914705941 9495755691
8554288596 8128834951
737659423 1280531144
8544549930 7334585101
5589702803 4856017280
5065148195 3555284984
1716164974 6013123087
9824052187 6880199620
9564886889 9273803178
5942905849 7202469909
8343459475 1437015727
1916521187 5914813209
116609261 5057955439
9146328074 1764711385
7078922609 4637200578
8760384743 1445021003
7442607439 8893736863
8897361856 8773349219
3690498608 3639831495
8165629303 1085540428
6611107686 5640579415
4157262923 3821751409
1218727644 6629086187
2539031225 620104023
4652779137 6941149843
9408094591 5330343712
9086799419 4072490389
9346079025 9172121698
4412036735 9753494531
798066481 4080593232
6777799811 7718148480
2301434453 7983251939
7054106906 3260425389
2387229569 9083350298
3386060299 4860206818
6852761186 9259417539
7143642195 756036178
9633558662 5025745793
669626595 9914457103
4743245753 9007077096
2931327568 2951778697
1856522509 3380175790
5378358809 5680614571
4729487357 1563502392
8013106240 3406072831
4143198303 1762633649
7019344163 4513462250
1735173563 3886757346
6188542574 6017135689
1024668917 8548950637
1008431758 7687049555
1363664981 6982198785
5990472447 5744104897
5269158092 9912493561
4752077039 3466879737
8740545411 9495065465
9237115693 5232899920
8485092348 396832673
8578156761 9491244437
6460052171 7028921870
7428032249 1348087381
1759368265 2269717169
9601898325 8097466687
6909909291 1117052714
1242379234 5326607497
9071497397 5301278449
1641053859 5929815605
7403926683 3502251895
521415507 7206374803
9168548803 4256191827
7901873536 3385126951
1588174787 4114378344
4674568887 896495327
477892588 1666190049
1752333633 40939063
80006020 3793371893
2489462033 5218082992
974721201 1593789547
1360774497 380873021
1689635617 2676776499
3816767699 465387946
4333104129 6339851741
2822245067 7466209102
5899166306 8246672619
737423591 5042217972
6736605444 3378817237
3482356493 7083929833
1581894317 6911282602
3487291573 1982959265
1820164425 8435906284
4907910187 3749571639
4011329410 2507553607
5481049665 3935652827
70098281 2328577144
4788953892 3089101165
7966310387 4977779425
7602594517 3258398081
6010485359 9225127845
5915712257 501816662
7755581875 3397852988
8191210802 3747390889
7958855523 7810150376
5755984103 9906484905
1500784657 2173584701
3628041078 8178311041
2931841528 1842950985
9426050222 7411918517
1121292942 4457024035
1036256447 7968850073
796308181 4542202844
5650562597 5912092741
6087156802 4639582635
1545671147 7264104255
978234316 7743047319
7051599385 7554052023
5595759977 2065841034
596217566 9353001361
7316038757 8521595386
5105672697 4742224276
5826695373 2568777097
7763864093 4269845785
1892330119 9443793692
214315607 3130887502
2462848748 405771735
2479584494 9583514289
9198879141 5215171444
8534716438 8429408507
1171503787 4093520764
28792733 6505361912
7405966109 8084698057
117223342 1149359961
3540000534 3344831375
56099741 8305881492
9721122718 1864906957
6957905663 9005745227
8755328411 4810989036
179335868 469118893
9929279404 2034094189
7613930947 9507590245
6599856690 3716699383
6833369 2916712467
5545866041 3677938578
2907321553 2334623224
8881013003 7656406549
4397906848 6916016495
5329218989 127624429
3597347418 1749123503
2203580452 7860774973
2730378385 6689712382
8146803829 4546724329
6192443365 1008585811
7665867705 3917219723
2736644789 3678642241
2267795106 8178282773
5440774917 5378071651
2971643363 9736724240
2533800764 6883375797
4402019803 8807946945
454546111 377603242
3651918424 7146338365
7826317430 4738692611
732279317 191303493
8734875649 1979930092
2840403028 4214553863
2818239821 9750766282
7740752443 2930666056
4334477558 4419520463
8323294047 9022557505
8916783815 4405887466
6173688356 2076179729
1187448061 334244490
3188581823 4840801584
171479019 3746026192
5174635476 7341163271
5570852138 8120656669
7815053723 9148914337
9891035866 7844253339
6134966590 299831211
9630757667 5429513777
2165464073 1405447262
6028537462 2382234995
1057877643 2146294415
404230583 9173173038
1963670264 3573059363
6261667968 7777897967
1851435301 88763066
5236037839 6491314450
8315756693 6186229594
2124506101 8037357731
8097823533 5370487180
7363380076 1947384027
6239057062 9643912463
7121205518 7281062889
6782347003 7536383144
1726772182 6751961697
8894483379 6660832549
7254288503 5504628499
7849019794 968452047
8843970959 3356455233
6661726243 2141692982
8724829657 6566343660
7945882549 8757567970
5313030859 2366426518
8682231587 8907213539
5433903485 8031973218
3802148029 4012939238
7881021274 6931736901
9683361462 5836613159
5360947093 7712821889
582189761 7844135471
6879656589 3629413093
3401318696 6550708107
6090230278 5767543893
179933587 7546809984
1608739325 5030345094
2515547088 1440491411
3146670459 7120425604
4572861551 7361463952
1415859449 7326536318
2760743367 160900493
2984734711 9858533334
8498317233 600000661
2608321519 6715073948
6892334367 7839941444
6982512719 7357503277
3262052152 1560639871
3066591091 1311830860
5685609251 3571506252
1773783735 5701083931
4247804049 4286760526
2377383821 7796868841
8736597557 3254800155
703601597 5522992169
1602002749 6290983038
7288357243 3392905317
9439981313 8426238539
5184885951 7266068807
2767167247 5196413133
9153327847 3443275868
3399466804 3860800785
7387309329 337875556
9275057152 4509640707
5005905845 3589487403
2977882604 8482191919
95290281 2072517469
8073530473 1384785583
7424223613 3513335274
3831559427 1964292185
7751256131 2654760725
3597024554 2907696951
6128849041 8396631962
7666095269 6111278356
142472317 313351651
7265852500 3786226307
107762366 5078258647
7157622640 4651793619
5856005371 2859417965
9196227963 4274595118
1578563770 4399333653
1629043927 1370954999
8114793662 3310360397
2360243399 8420619128
1211592406 3311973037
7298474899 5191348132
6729912436 4822530965
1116374698 7571447379
5890767625 1463606029
2512583185 5083985933
5959441337 4767880917
8377884336 5916250157
2539238965 7978173178
5412311074 1764155625
344042885 9310775312
5240918123 612598380
4515416417 1588748350
4791996633 8351739244
4395401605 5773482521
2321332117 2256645160
5940050714 3516921965
9265039831 6397849426
3036800002 8425920093
2185670847 4345055285
2855470740 4255220497
2908144739 8155691801
3374913781 2455059860
4094809961 837048922
1015131959 6154804768
1257431314 360492603
7436877994 5134260533
6031946071 693801914
1658484544 9449303685
8772073041 2726032346
3566382515 702348321
8632309681 7388467518
4064902665 9715297171
8331313639 4647309745
4177076322 2126265343
8520442428 7173599311
2835029415 9335807626
6786407566 2933566407
8897949331 1834017297
1622141304 9062563241
307214521 4202280193
3844976163 9325852430
8584562185 4359458767
6387222425 6229001316
4602259481 5423234398
6895834357 6580961552
2131657269 2556974456
2784270598 5123389519
1212658867 2350058316
4362870240 7308333487
9236696778 7983568435
9339560108 7274359033
5777233556 4163575459
5625632659 9558667383
5599625053 8707573463
5816265009 5344580005
6935406461 7283819067
7050061077 5450757805
46051605 6016135487
7404122567 8861442218
3589113399 1648483093
5945393679 414838229
2499744187 8175536857
5409356281 9628503432
6358693871 6670951305
4135457317 1119690081
2613220436 6046133449
860536597 6839130280
7082495048 5284592181
8173675677 2917495996
1821251244 2410373215
6965567626 2657735887
8749797777 8146584371
436772075 4819950212
7826574199 4991629689
8052275015 8542786546
3612047092 1423482641
8109690193 4177578384
7829290716 7451541881
6885028086 1593200759
476895974 3687469929
273244678 4235336669
3038579203 3553720646
9422783851 5147006682
9865610354 8857191275
3046944843 466457824
1619393910 8465272757
5872031851 9906690244
4014614369 4638986940
3975011003 5688082281
6680380797 2864497618
4753243435 3770223186
6528047447 9483167152
6727724027 3926257645
374242433 7472980791
1551488353 6016619629
9227124365 9592190424
8157510299 1606416554
298687681 1186914237
5854095932 2975160659
5357509804 7167590167
4992197363 988578530
2065520353 6427211074
728449015 232599609
5354274929 9313485055
6804565601 1199284523
9866830571 4371558660
6808595237 2861130055
4456194483 4275580759
6365288618 3020294665
820628312 9209904829
3899383211 8821989312
5790525485 2890174359
4885976510 8660303199
4116104327 8092299612
3391609898 1149541645
5508191353 6279603641
6144829600 47803293
3297124531 206118029
5730469183 768615297
9183844994 7991065713
69067639 7282411498
179166341 5144373872
2215013973 7889969635
8365174361 2845367486
6637515850 3948901759
5633556068 8436714045
3819931499 885933428
6139052472 1103888185
6556519310 3044570293
1149104976 3015407149
3719500214 9237806981
3586566425 7955160894
2527551005 1952056112
5200394654 8315247089
9872963156 8332795017
874159369 1803538470
5137085267 6862695663
736679219 7686415803
8869115743 2582332144
686118128 2278615231
5616511612 3041897847
8362057797 6355968310
8547039001 7468504265
8518402451 148079011
1607495759 3110316225
802649075 8771842412
2313855509 3419145108
4006162001 854386935
3933218261 5978260629
7343355061 4601982565
4086612297 5122132108
8463542802 6867030821
7075005257 894847883
465661583 5273434164
3512679470 275760803
910983110 8617032821
2283304883 9967909137
8569529737 8988897426
7630419521 9798886066
2263830434 2782096817
7069556544 7373630113
4731666043 5058295936
4851776909 7145236968
4370322102 7336611397
3480650009 5529959926
5916224309 8762658424
8664498823 3433837965
6363721011 3178089532
7111766969 2480788300
6682649409 9978038744
4093867724 6246966087
6367464709 767765880
7024093389 5833964165
6673851629 4162533684
3991823949 546333769
4609290272 6347879359
4965369796 7032803557
1782806688 1043861971
1192437902 3772217109
842198715 2385224818
5819176694 4594807409
5724832571 8945003358
6531643005 9964266257
8411002487 5241428385
937435022 6180928835
4580278431 8567166430
8617158033 6111548216
6028365729 2619884683
6562726075 4779193049
7280215445 6235686784
1915527923 1094047789
9683629860 112037327
4143112018 8219316115
8254916916 5533240549
5494307609 830283421
91047473 742452273
3367960701 4428016307
7347944912 2780086149
3779933429 6164805463
4315022044 2383919987
2119014411 8033315380
4037494861 4803764503
4625930612 6940475433
9863373788 714145441
5086214713 6447603370
2386853042 542743735
9457244124 6194672047
2114499908 4033616963
2451902137 5360242945
9905294479 5112999110
5654238153 64184705
416195383 4430262462
4937046811 1219300291
3241538159 8036001760
3995781149 8734586483
5494716847 3358899902
7292275439 7797242378
241537457 2353843311
8174806300 4783824579
226644383 2028054887
7211033516 981437803
2383279076 5540360625
6163714997 2120967060
347402302 6368106635
4990580907 729034993
6328006323 7359516431
1663016515 6157080184
3062126311 2027494112
1175353969 4413118322
1542558741 2234321797
4206563362 507227607
9832199904 7003818373
7787658017 3806407025
6969192256 6913557335
9314551238 2573815223
6003598463 4106571994
5232025338 3470035223
8454903437 9461525476
8538157053 8296098344
5077545305 2716371739
7565344473 6113531837
994070378 2348120827
596687329 779261747
1519934413 3255218974
9011416223 6187716710
9788278729 6393228154
8936577029 3522209372
4861766255 3240598289
5267704409 7025273929
3205467863 8413801514
6579585401 2863099887
3795205940 533766003
7486502055 8169364676
453481861 3183011691
7018525799 9641510326
9416848759 7103254488
6626265393 291644977
7623076050 5605985263
6837130054 9923008085
3227955157 884026917
1078429409 1699266263
4831059497 631943133
3877193179 2670028234
9980762303 9707268650
7206019840 3417005977
5089121979 6559992067
3373870992 4694671583
366456634 6951282187
8667197497 416384118
4986661451 4275920162
6778382635 6860486264
8634124233 2212717685
1521472019 7394324346
4517627422 7578069845
494231471 2376549377
5038062942 2335144399
7790945799 853357060
6705265398 3376742035
968327296 42582093
6859300937 1834452420
6886005651 9980498681
5137376191 2917403671
413067435 1951706242
8697192288 9886573367
2558150483 5611200466
6038602385 401453209
978565456 8495169417
1110874318 5718913861
9463326768 4016330573
4572166136 3695806065
6457311986 916087355
6520901131 7850044024
2321186758 8981505105
6877030367 1359692947
7147644637 3091894999
9957586683 1358023168
8297822414 8264706831
2766981858 3902699761
6077173537 4293715078
6174589104 775385095
2179927654 8891992837
8697374617 1002082640
3428388039 4362169315
5645671385 6899690614
799584225 5865178817
9939802415 4860185474
1362434759 8573117429
9174628930 3266812089
4791373529 4320785317
3429999107 4076284367
3345591452 2795142019
188319005 2374235747
8664661663 1951973573
6797377227 4119758788
6740247323 42131381
437361259 1295443082
4539022860 1904424869
4294650379 189611074
3951913201 8653584301
6201106217 999083490
3373376312 5872393813
2476685516 5962739447
55404587 8498017232
2177033633 4993746961
9919682695 4446804376
711469891 4656636157
7865247328 9688762699
9880772566 9572163387
279479791 5051359912
2077389662 5353344733
7170946411 451701602
154519292 6847161879
2896390300 2076557011
699809041 1828999231
666710693 8552969209
2323462941 2297299091
4051792281 7331065421
6786734568 3084050837
833877983 227458430
3145617868 5221649157
5029786317 6681339788
7602657416 1663961007
4451248712 6437617061
5449657211 4853649608
1354363768 1994226651
8772258006 1027470629
1629787724 7271073621
8602028027 5034166950
207446051 9161567977
9978561532 7630421263
148876697 4149326096
4632187225 5757132592
5803483276 1170184155
340563889 3660846240
756506683 9504443447
264482156 4918143423
1199585219 1345748821
1345488784 7065232457
4323627123 2606551265
7684444340 1995133837
7572955153 6470425643
5431872511 3191353597
7947426631 409762031
1990770851 5513126743
9229594491 6801841429
4046540555 2972390533
3831857071 2982348772
1540345946 1002507207
7674414916 2346585485
2104863269 4313640200
137673481 9516980941
8224638967 7625243073
3093194122 1396177797
4893996524 4048474531
2702475951 765353389
1150327798 5290353597
5135234711 5713265044
2274074259 3025080175
715283110 2580474739
407532242 9609172099
5023579450 4893559151
8296326181 1040676609
5017759791 8672683075
2934825772 2437882013
9343585247 4960729312
9285521053 4306226390
7786328918 7519115601
1945698598 8608874089
2811445263 5094668783
7328186093 2742208777
4255067694 1784524235
1994007448 3709129957
4525935991 8551224627
6732023877 700043192
7469271544 2578820709
2896290268 9437770871
5790195259 5096413558
9648728842 2015992829
7035739921 1541425398
4789145526 1474196693
9925830441 4431238304
425189289 6081066743
7315929975 3143077523
233914575 1515910307
4223746061 1928795193
7861256417 5120725387
6355725992 5664446163
1399843645 3275885218
318067567 1575557519
8049950772 6932658869
1240733837 6554705916
8272476688 6572674895
2803382254 852792337
793120657 5229111647
9193417348 8222675015
8897040961 8117297797
5751160916 7906412463
5018790801 7347964978
2478124749 6917987945
8932118895 8516081663
7366837859 8030852021
2934043602 5286313195
4484318941 5815919644
133871347 912252460
6735173749 9090983617
8733092361 4011314696
1957082187 9302315557
5085415386 1428865561
4751903371 9372202485
9863843199 4475482754
1921780699 8122909666
2098039377 930139976
4486758735 5113389176
9869309879 4493837609
8164796648 8575026415
1665455635 5303916406
5620623339 8918974994
4178359326 7843894213
2679724897 5007076369
1178469832 5597833085
6792499489 9992559309
9019116889 9836572535
7092301810 1621142573
7397080669 620506706
4121161096 8035613243
2059546597 677812187
3750870533 7295586013
2378141864 1374122625
3848072423 319042284
1400014642 500943447
9374492295 8684821213
2187402174 1406475749
8240939656 1264632401
6544655773 2597383257
6977611063 4148787849
648649361 9494052849
2539499862 2310699457
505748323 5464898844
1940775301 2472301801
2902976962 7590449203
7161536517 1725639097
2220133933 5608618976
4605661445 6834736138
5709218774 4007230261
9208199038 7394529883
7125409635 8736983306
9668151761 8224810537
6176707350 2960953051
1755950603 4704061577
9439742839 1848827179
3441036227 1304713218
2844156704 6345005719
9415455687 6514734095
6630170017 9519058207
4615112104 361465465
9212712451 2152201175
8460205943 9834449025
8358088694 9803360891
3572649616 8021601115
1726422008 6548090135
9904870335 8366450032
9974269074 9306925519
615474239 790274457
3197634271 7600376256
4459082396 2149059971
8190417022 7294656453
7952114478 4202752429
3623561921 6271525999
7366314820 1571907957
8439663296 5131540497
507762637 6931082340
9480878583 6730794665
6255743557 3982790150
7552500724 283056037
2633144890 9411085157
537993674 5331330591
333794778 4560956653
7448732388 803245097
3145149289 7665362216
9773178136 6834290239
5920400871 3899207890
652191615 1466280869
6872637785 5893344928
7432779133 3528152372
2175691863 6452078102
2681318578 120367293
4138256447 1055615421
4440196903 5143474656
4988646741 6935414687
5095833967 2583958023
9805574720 9105436369
9885917161 2800593125
223929488 4736127659
3072362962 174297451
5226384082 8297491183
4748422823 7493283192
5922186412 6485461945
6761392584 6017729641
6279139026 2079156253
7340475148 4270601661
7002615401 1716996100
4417476069 4044535532
8438701822 492874641
3062467195 5738285103
6098953802 367227565
6069056909 6985611025
5845963203 6375945383
2507570063 1401998890
9655903437 4711457419
5330473591 6096830688
8241543013 7719381513
7421515567 768051183
5454698566 8782078665
5045291623 2700314367
8326471075 4027075371
5173037099 7516252958
8137737809 4549907573
2772811004 2201645431
3056854148 9349814967
1408060483 666617720
489208227 5354387261
2875376179 3042158541
6953059121 2439619538
6137116799 4424394928
5902953140 3062468929
2928195174 389100755
5467804083 57991417
3598296119 9870042569
2876979891 3828100480
5675972382 7166422301
4877803468 9101413145
5077691634 2809310831
5815434724 5461007939
5886771137 5902885681
4354096047 1841845774
4830849813 6727622972
201837978 7068069839
3110340847 7773223735
3232978462 3314281805
2021588536 4471523341
4485497174 2263337711
8727101821 703557050
1979622233 7138655063
487055273 5311025461
5345422564 1247645623
3974161480 7928025757
3656504192 4970633733
7504590331 9956904879
9096008456 167407637
8520024399 6211902614
4346233762 7086796737
8630520229 8521029545
762798707 5042929445
4439562464 3687732803
5962523743 6517789847
8084262239 2672107247
5670911570 7310355199
9312822851 910433336
3729770074 8660163373
9176753017 7550707110
8929608067 7968877679
5357375299 2027771286
2802341093 6922202518
7098793711 2555705089
9542209657 2130237666
192828213 8938507114
4368755650 9138985029
6321055468 472098667
601923994 9851385619
6304768703 3409512504
8178632285 4716695487
7099185439 9183743397
3859897693 1557498966
5545824887 884256738
8644773103 7555775364
5547177205 9120321699
2819977009 1761745616
9581460240 7573013293
3035770303 6400616046
9664707851 5094400166
1824694253 3746771339
6170038717 43844165
8106339776 5435874817
4682137289 2523737195
2310777025 3117909797
323068953 4957978366
5322523788 6947516819
9025251275 5843918063
7767579883 1817979721
3611306758 8320358169
5950610901 9039189983
1067652987 8161736794
9887070087 7555090388
4802348067 1157986154
3928414859 5425347419
703085095 3843096923
8317616319 4884843634
5675279579 5765363109
6525702675 819164077
6009845283 4292365273
7359947066 9677176033
6308981414 331481829
3852803428 9981582379
7737894883 3032588069
1049240627 1257868122
7127091862 8218488227
1760729257 6009824288
7884684035 6060896367
9295548781 9793743253
7797008049 1962943475
6292902227 8959693627
1133632445 2352759331
4915532451 2044428574
3922977244 2626084849
231449938 7205263703
3782070452 9249114327
9576870835 9427464561
5640579174 5231820311
6320197607 9472676343
2177209490 8403302969
7408638309 8586571259
1533921334 2263833775
5329831743 8637844841
6508565568 7370880499
1637188778 7384582347
7249819804 7761943149
6066058277 2930812571
5584612342 2411852377
5946547278 5817631399
7068658688 8089742599
8858048267 2616424782
6721823673 850372595
474195943 2283974573
1599413279 1522308154
506601791 354046897
6256793091 1073256080
4821178681 1344589363
2927751806 8108525701
9203783599 8925430993
8900978970 410566837
353739959 8061381554
5294559358 189089135
8570666408 2343353363
2105222520 2775718403
6704811762 4446417451
2391946947 1396982984
5122545307 8509851862
5369343409 9372600579
9422433889 7799636858
7061686221 4212219316
1744167101 4517252987
4843289357 1683859864
7379813869 4659433772
9993889832 6947834345
7866142009 5368628839
5408372546 9959782321
8041467373 6008373708
6171856847 2100930150
8819843532 3519563099
1942536216 8215485319
4346336055 2628802237
8873469452 3164259731
2821896446 1489559965
9077351847 583657198
4023239489 8233900352
1917967584 6296471423
5235718961 7900853616
1266337813 5708421526
3474567303 5043145084
5726742983 1398779407
4894472537 1869382690
7185762946 1043294279
5025082543 7921844743
6605230864 3125486611
5199024175 6356648127
4651244752 8713272787
9654759067 5833303268
902421066 7546731395
501228271 1749136985
7626344727 8517808799
380126608 459231605
2603160133 3122943624
2389602791 2107749526
659770192 4470278121
5045753733 6061333021
8113209410 7538274891
9385958237 7675166688
2660603927 3172565719
2021501561 7965360137
9492706949 4425591350
8801729862 8091439825
8305573221 478851623
2167001748 9517962679
5534069879 3116969197
1815202635 5181987532
5401397509 1760063086
3445748494 6552855217
3910740281 6694018287
4815557566 1510051865
1000358053 9424814327
2230349110 5052967251
9968970902 4570356077
3144169791 3713147035
9657057064 6721577511
5320282287 9659488153
3182320201 5839826959
3372652153 7992257293
2997294016 9279408153
6850356017 7086073696
392397343 697177699
6967561637 8714620274
6909251090 4489956013
7965376549 3332947874
6437593939 2448726391
3379783473 69949225
1576745809 7081964458
8188977139 529313744
6526168981 8714089735
6053758238 7378049901
576896386 2018429653
8523348793 7540291624
5869648597 6407980739
3237006383 7927709989
4773630936 2995760033
9650368238 1769674435
7558418261 6193157042
9171298859 9616630858
4948330397 9543151212
9619879821 7821673789
6304889104 7140419863
2452877631 5596378072
7313443279 2000260524
8855688482 2433082551
5083765117 1174494484
8064618532 526437849
5322637309 5551818001
5418009859 8993139564
2979682736 7163616115
8666052048 1908108839
4085470436 2937835843
2745521632 3585984611
6954540217 4072932452
6806910985 9784920679
4695424613 7996041598
2991806640 2497062817
7820856713 2921881026
3622887691 7608527055
6268086149 1019088690
4835667605 8121861657
5295386505 9553155107
5244158364 8624746093
5144250847 8724330342
2392591107 7630299841
6432159404 7584498399
4029869894 1430509835
7640434301 2450212807
3353270693 5504018804
8396281181 444335793
7239958599 3055700764
2736541453 2633991907
3026666715 2861767427
8851096511 8348208930
4259614914 8912037815
8838685271 1457483674
3795904473 5812577728
1958037527 2985704323
4985522953 2491236621
4793310191 3769172236
7834628451 1044507961
3623522594 6562888117
9698685635 9706447764
9138500657 1924946074
3512479261 2866527434
7793039203 7363215516
3500725205 743705501
738909479 1106478113
3866737339 7716009873
7478123927 98245711
9725284790 5655225981
2035047020 3052194537
1213096072 6991768395
3416067361 786169288
9647008679 9230311158
2649292666 2119665227
7025758944 631824023
7942675681 7151422750
1347896311 3277424381
9877795742 1527983341
2459645193 633511652
1530464137 8956276605
1735413877 2005051374
1178293429 4932553486
2857663406 8674564915
7309585528 4805798679
1051434971 2808792291
2306865741 6121931803
4696748179 9440646502
6577079881 5428849021
4786628881 9202368342
9519022307 2295010781
5606035553 7869720307
7532854538 1166569691
3264222743 8764519132
1716431410 4929903243
901578723 3799600543
8254505258 568015345
2609568953 6583425837
9766624339 1806722569
5611519778 9477434289
8705685839 1033802066
4961781367 6512680262
2195504779 1744528325
3946406028 508988863
9498941783 3005931619
4453976039 8455362644
6671140495 3464001699
9182608161 7850742346
2387268715 1704287434
8092572157 8278941586
7539282244 1643685269
8941484021 3388632307
2509602149 328193797
8841875679 6112096631
5332716141 3616871438
3737604715 5025022486
9022513252 8752902831
7324875308 451288897
4024222621 6166836599
419221307 3711598305
4380801492 9498227755
4327543502 3569566317
5202535661 9475726091
1 1
